# Cornell Box
# Right green wall
POLYGON 4 (0.5,0.5,-0.5) (0.5,-0.5,-0.5)  (0.5,-0.5,0.5) (0.5,0.5,0.5)
(0.0,1.0,0.0) 0.0 5 (1,1,1) 1e6 1 0

 Left red wall
POLYGON 4 (-0.5,0.5,-0.5) (-0.5,0.5,0.5)  (-0.5,-0.5,0.5)  (-0.5,-0.5,-0.5) 
(1.0,0.0,0.0) 0.0 5 (1,1,1) 1e6 1 0

# Front wall
POLYGON 4 (0.5,-0.5,-0.5) (0.5,0.5,-0.5) (-0.5,0.5,-0.5) (-0.5,-0.5,-0.5) 
(1.0,1.0,1.0) 0.0 5 (1,1,1) 1e6 1 0
# Ceil
POLYGON 4 (-0.5,0.5,-0.5) (0.5,0.5,-0.5) (0.5,0.5,0.5) (-0.5,0.5,0.5)
(1.0,1.0,1.0) 0.0 5 (1,1,1) 1e6 1 0
# Floor
POLYGON 4 (-0.5,-0.5,-0.5)  (-0.5,-0.5,0.5) (0.5,-0.5,0.5) (0.5,-0.5,-0.5)
(1.0,1.0,1.0) 0.0 5 (1,1,1) 1e6 1 0


MESH ../meshes/f-16.obj
(-0.2,-0.1,0.0) (30.0,-20.0,0.0) 1
(1.0,0.0,1.0) 0.3 500 (1,1,1) 1e6 1 0

ELLIPSOID (0.33,-0.33,-0.2) (0.07,-0.07,0) (0.14,0.14,0) (0,0,0.1)
(1.0,1.0,1.0) 0.2 500 (0.5,0.5,0.5) 1e6 1 0

LIGHT (0.45,0.4,0.5) (0.6,0.6,0.6) 0.1
LIGHT (-0.45,0.4,0.5) (0.6,0.6,0.6) 0.1

AMBIENT (0.0,0.0,0.0)

CAMERA (0,0,0.5) (0.5,0,0) (0,0.5,0) 1
