Shape
0
0.000000,0.000000,0.000000
1.000000,1.000000,1.000000
0.000000,0.000000,0.000000
Shape
1
0.000000,0.400000,0.000000
1.000000,0.100000,1.000000
0.000000,0.000000,0.000000
Shape
1
0.000000,0.000000,0.000000
1.300000,0.100000,1.300000
0.000000,0.000000,0.000000
Shape
1
0.000000,-0.400000,0.000000
1.000000,0.100000,1.000000
0.000000,0.000000,0.000000
Shape
1
0.000000,0.800000,0.000000
1.000000,0.100000,1.000000
0.000000,0.000000,0.000000
Shape
1
0.000000,-0.700000,0.000000
1.000000,0.100000,1.000000
0.000000,0.000000,0.000000
Operation
2
1
0
Operation
2
2
-1
Operation
2
3
-2
Operation
2
4
-3
Operation
2
5
-4
