Shape
0
0.000000,0.000000,0.000000
1.000000,1.000000,1.000000
0.000000,0.000000,0.000000
Shape
3
-1.600000,0.600000,0.000000
1.000000,0.800000,0.050000
0.000000,0.000000,0.300000
Shape
6
-1.500000,0.500000,0.000000
1.200000,0.500000,1.000000
0.000000,0.000000,-1.200000
Shape
3
1.600000,0.600000,0.200000
1.000000,0.800000,0.050000
0.000000,0.000000,-0.300000
Shape
6
1.500000,0.500000,0.000000
1.300000,0.550000,1.000000
0.000000,0.000000,1.200000
Shape
0
0.000000,1.300000,0.000000
0.100000,2.000000,1.000000
0.000000,0.000000,0.000000
Shape
1
0.000000,1.400000,0.000000
0.100000,0.100000,0.100000
0.000000,0.000000,0.000000
Shape
7
0.000000,1.100000,0.000000
0.050000,0.250000,1.000000
0.000000,0.000000,0.000000
Operation
2
2
1
Operation
4
-1
0
Operation
2
4
3
Operation
4
-2
-3
Operation
0
5
6
Operation
4
-5
7
Operation
4
-6
-4
