ELLIPSOID (0,1,-2) (1,0,0) (0,1,0) (0,0,0.1) 
(1,1,0) 0 0 (0,0,0) 1e6 1 0
ELLIPSOID (0,0,-1) (1,0,0) (0,0.1,0) (0,0,1) 
(1,1,1) 0 0 (0,0,0) 1e6 1 0

BOX (-0.4,0.4,0.05) (0.8,0,0) (0,0,-1.5) (0,0.1,0) 
(0.1,0.1,0.1) 1 99 (1,1,1) 2.3716 1 0

SPHERE (-0.3,0.6,-1.25) 0.1 
(0.1,0.1,0.1) 1 99 (1,1,1) 2.3716 1 0

SPHERE (0.3,0.6,-0.75) 0.1 
(0.1,0.1,0.1) 1 99 (1,1,1) 2.3716 1 0

SPHERE (0,0.6,-0.2) 0.1 
(0.1,0.1,0.1) 1 99 (1,1,1) 2.3716 1 0

LIGHT (0.5,0.25,-1.5) (1,0.5,0.5) 0.1
LIGHT (-0.5,0.25,-1.5) (0.5,0.5,1) 0.1
LIGHT (0,0.25,-1.5) (0.2,0.2,0.2) 0.1

AMBIENT (0.0,0.0,0.0)

AIR 1 1 (1,1,1)

CAMERA (0.02,0.6,0) (0.5,0,0) (0,0.47,-0.17) 1

