Shape
0
0.000000,0.000000,0.000000
1.000000,1.000000,1.000000
0.000000,0.000000,0.000000
Shape
1
0.000000,-1.000000,0.000000
2.000000,1.000000,2.000000
0.000000,0.000000,0.000000
Shape
0
8.000000,0.000000,0.000000
1.000000,1.000000,1.000000
0.000000,0.000000,0.000000
Shape
1
8.000000,-1.000000,0.000000
2.000000,1.000000,2.000000
0.000000,0.000000,0.000000
Shape
0
0.000000,0.000000,8.000000
1.000000,1.000000,1.000000
0.000000,0.000000,0.000000
Shape
1
0.000000,-1.000000,8.000000
2.000000,1.000000,2.000000
0.000000,0.000000,0.000000
Shape
0
8.000000,0.000000,8.000000
1.000000,1.000000,1.000000
0.000000,0.000000,0.000000
Shape
1
8.000000,-1.000000,8.000000
2.000000,1.000000,2.000000
0.000000,0.000000,0.000000
Shape
0
0.000000,0.000000,16.000000
1.000000,1.000000,1.000000
0.000000,0.000000,0.000000
Shape
1
0.000000,-1.000000,16.000000
2.000000,1.000000,2.000000
0.000000,0.000000,0.000000
Shape
0
8.000000,0.000000,16.000000
1.000000,1.000000,1.000000
0.000000,0.000000,0.000000
Shape
1
8.000000,-1.000000,16.000000
2.000000,1.000000,2.000000
0.000000,0.000000,0.000000
Operation
0
0
1
Operation
3
2
3
Operation
1
4
5
Operation
4
6
7
Operation
2
8
9
Operation
5
10
11
Operation
1
-1
-2
Operation
1
-7
-3
Operation
1
-8
-4
Operation
1
-9
-5
Operation
1
-6
-10
