Shape
0
0.000000,1.200000,0.000000
1.000000,1.000000,1.000000
0.000000,0.000000,0.000000
Shape
6
0.000000,1.300000,7.100000
4.200000,0.800000,1.000000
10.600000,1.300000,35.500000
Shape
1
-7.800000,1.400000,0.000000
1.000000,1.000000,1.000000
0.000000,0.000000,0.000000
Shape
2
7.700000,1.000000,0.000000
0.600000,0.200000,1.000000
-1.400000,0.000000,0.000000
Shape
5
-11.900000,1.400000,4.800000
1.000000,1.000000,1.000000
0.000000,0.000000,0.000000
Shape
9
-4.000000,2.000000,5.200000
1.000000,0.200000,1.000000
3.100000,0.000000,0.000000
Shape
10
-4.400000,1.800000,-5.000000
1.000000,1.000000,1.000000
0.000000,0.000000,0.000000
Shape
4
3.300000,1.700000,0.000000
1.000000,1.000000,1.000000
0.000000,0.000000,0.000000
Shape
3
-3.000000,1.500000,-8.600000
1.000000,1.000000,1.000000
0.000000,0.000000,0.000000
Shape
7
-4.900000,1.800000,9.300000
1.000000,1.000000,1.000000
0.000000,0.000000,0.000000
Shape
0
-2.900000,6.200000,-0.200000
0.600000,0.700000,1.000000
0.000000,0.000000,0.000000
Operation
2
1
0
Operation
2
2
-1
Operation
2
3
-2
