Shape
0
0.000000,0.000000,0.000000
1.000000,1.000000,1.000000
0.000000,0.000000,0.000000
Shape
6
0.000000,2.300000,0.000000
1.000000,1.000000,1.000000
0.000000,0.000000,0.000000
Shape
1
0.000000,-2.600000,0.000000
1.000000,1.000000,1.000000
0.000000,0.000000,0.000000
Shape
2
2.800000,0.000000,0.000000
0.600000,0.200000,1.000000
-1.400000,0.000000,0.000000
Shape
5
-2.600000,0.000000,0.000000
1.000000,1.000000,1.000000
0.000000,0.000000,0.000000
Shape
9
3.500000,-2.600000,0.000000
1.000000,0.200000,1.000000
3.100000,0.000000,0.000000
Shape
10
-2.900000,2.800000,-1.100000
1.000000,1.000000,1.000000
0.000000,0.000000,0.000000
Shape
4
3.300000,3.100000,0.000000
1.000000,1.000000,1.000000
0.000000,0.000000,0.000000
Shape
3
-3.000000,-2.900000,0.000000
1.000000,1.000000,1.000000
0.000000,0.000000,0.000000
Shape
7
0.000000,5.900000,0.000000
1.000000,1.000000,1.000000
0.000000,0.000000,0.000000
Shape
0
-2.900000,5.700000,-0.200000
0.600000,0.700000,1.000000
0.000000,0.000000,0.000000
